11( 1111111 m

1111 1111111111 111111, 111111 spermate 1111111.1 Della
1111111 11111111 1111111 11111111111111111111111111111-
1111 11111111111111 111111111111111 11111 1111 111111 111
quanto 111111 1111111111 111 ’1111111 1111 1111111111 111111111
111 1111111111, 1111111111111111111111 11111111111111111 ,
1111111111·111111111111111111111Ι
1111111111 altri 111-,1111111111 11111111 1111111111 111
11111111 1111111111. 1111111111 quale 1111 111 11111111 111
J, 1111111111111111111111’11ι11111 11111111111111111111
111111111111111111111111111111111111, 1111 1 1111 111111
11111111 111111111111111111 1111111111111111 difficili
111 1111111111 1111111 11111111 11111111111111 Greci furo-
111,111111111 1111111111 11111111 111 111111 11111111 11111111 11
111111111111111011111111,11181111111,1111111111 11
1111111. 11111, 1111111 1111111· 11 111111 1111111111, senza
1111111111 11111111 1111111111 11111ὖ11ιι11 11111111 di quel
111111 1111111111 1151111111 11111111 1111 1111111111

1111111111 11111111 111111 11111111111111111111 ’
111 1111111111 11111. 1111111111 11111111 111 1111111111ἰι· ¹

1111111111 11111111 11111111111111111,11111 ella og
1111111111111111 11111111 1111111111 1111111111111111111111-

, 11111111 111 11111111 1111 1111111111 maravigliofi 1111111

11111111111111111111 111111111111111 1 nella 1111

ιιι 11 antiche?
sp 11111111 11111 111 1111111111111111111 1111111111,

11111111 1111111 quanto 1111 avevano 111111111111111111111111

1111111111 11 11111111111111, 1 [111 1111 egl 1111 111111111111
11111111111111111111111111111111111111111111111 1111 prin-
’111111111111111111111111111111111111.Ι 11 11111111 ’11 1111111
1111111111. 1111111111 la. 1111111111, 11 quale 1111 11111 11111111-·
1111. 111- 111 11 1111111111 1111 1111111 1111111111 1111111111
11111111111111111111111111111111111, Νιι voglio qui 11·.
11111111·11111111111111111111111111,1111111111 forse 111
eſsm 111111 11111111111111111111111111 111111,11111 1111111111ἱ

’ ·. · 1

 

 

